0.0 0.0
0.1 1.1485268840816145e-12
0.2 1.3563404218232035e-11
0.30000000000000004 1.4776029767370596e-10
0.4 1.5982983003454234e-09
0.5 1.727198568219726e-08
0.6000000000000001 1.8602709332196752e-07
0.7000000000000001 1.936814992689828e-06
0.8 1.5617231608444483e-05
0.9 6.221222445944508e-05
1.0 0.0001366085513994561
1.1 0.0002245268909163309
1.2000000000000002 0.0003192138910503448
1.3 0.00041776603051160455
1.4000000000000001 0.000518769730236637
1.5 0.0006214510771635078
1.6 0.0007253462700366921
1.7000000000000002 0.0008301575325064273
1.8 0.0009356831831659255
1.9000000000000001 0.001041780706520304
2.0 0.00114834587623085
2.1 0.0012553002777266316
2.2 0.0013625834990271671
2.3000000000000003 0.0014701480502523933
2.4000000000000004 0.0015779559476557787
2.5 0.0016859763508048976
2.6 0.0017941838874756771
2.7 0.0019025574401838616
2.8000000000000003 0.0020110792502082316
2.9000000000000004 0.0021197342447180586
3.0 0.0022285095237170494
3.1 0.002337393963459336
3.2 0.002446377906079813
3.3000000000000003 0.0025554529139486595
3.4000000000000004 0.002664611573245475
3.5 0.002773847335405437
3.6 0.0028831543880224473
3.7 0.0029925275488935196
3.8000000000000003 0.003101962178410154
3.9000000000000004 0.003211454106621037
4.0 0.003320999572119547
4.1000000000000005 0.0034305951705328906
4.2 0.0035402378108612916
4.3 0.003649924678277261
4.4 0.0037596532022728525
4.5 0.0038694210292601586
4.6000000000000005 0.0039792259988994175
4.7 0.004089066123563392
4.800000000000001 0.004198939570453329
4.9 0.004308844645966402
5.0 0.0044187797819838235
